t      Ek       Ep     Etotal
0  3.7792e-06  32.361  32.361
0.0001  3.4013e-05  32.361  32.361
0.0002  9.448e-05  32.361  32.361
0.0003  0.00018449  32.361  32.361
0.0004  0.00030405  32.361  32.361
0.0005  0.0004522  32.361  32.361
0.0006  0.00063097  32.361  32.361
0.0007  0.00083816  32.36  32.361
0.0008  0.0010741  32.36  32.361
0.0009  0.0013359  32.36  32.361
0.001  0.001618  32.36  32.361
0.0011  0.0019301  32.359  32.361
0.0012  0.0022682  32.359  32.361
0.0013  0.0026318  32.359  32.361
0.0014  0.0030263  32.358  32.361
0.0015  0.0034549  32.358  32.361
0.0016  0.0039129  32.357  32.361
0.0017  0.0044007  32.357  32.361
0.0018  0.0049173  32.356  32.361
0.0019  0.0054637  32.356  32.361
0.002  0.0060371  32.355  32.361
0.0021  0.0066407  32.354  32.361
0.0022  0.0072723  32.354  32.361
0.0023  0.0079337  32.353  32.361
0.0024  0.0086225  32.352  32.361
0.0025  0.009341  32.352  32.361
0.0026  0.010087  32.351  32.361
0.0027  0.010862  32.35  32.361
0.0028  0.011665  32.349  32.361
0.0029  0.012498  32.348  32.361
0.003  0.013359  32.348  32.361
0.0031  0.01425  32.347  32.361
0.0032  0.015168  32.346  32.361
0.0033  0.016116  32.345  32.361
0.0034  0.017093  32.344  32.361
0.0035  0.018098  32.343  32.361
0.0036  0.019132  32.342  32.361
0.0037  0.020194  32.341  32.361
0.0038  0.021285  32.34  32.361
0.0039  0.022405  32.338  32.361
0.004  0.023554  32.337  32.361
0.0041  0.024731  32.336  32.361
0.0042  0.025937  32.335  32.361
0.0043  0.027172  32.334  32.361
0.0044  0.028436  32.332  32.361
0.0045  0.029728  32.331  32.361
0.0046  0.031049  32.33  32.361
0.0047  0.032398  32.328  32.361
0.0048  0.033776  32.327  32.361
0.0049  0.035183  32.325  32.361
0.005  0.036619  32.324  32.361
0.0051  0.038083  32.323  32.361
0.0052  0.039576  32.321  32.361
0.0053  0.041097  32.32  32.361
0.0054  0.042648  32.318  32.361
0.0055  0.044227  32.316  32.361
0.0056  0.045834  32.315  32.361
0.0057  0.04747  32.313  32.361
0.0058  0.049135  32.311  32.361
0.0059  0.050829  32.31  32.361
0.006  0.052551  32.308  32.36
0.0061  0.054302  32.306  32.36
0.0062  0.056081  32.304  32.36
0.0063  0.057889  32.303  32.36
0.0064  0.059726  32.301  32.36
0.0065  0.061591  32.299  32.36
0.0066  0.063485  32.297  32.36
0.0067  0.065408  32.295  32.36
0.0068  0.067359  32.293  32.36
0.0069  0.069339  32.291  32.36
0.007  0.071347  32.289  32.36
0.0071  0.073384  32.287  32.36
0.0072  0.07545  32.285  32.36
0.0073  0.077544  32.283  32.36
0.0074  0.079667  32.281  32.36
0.0075  0.081818  32.278  32.36
0.0076  0.083998  32.276  32.36
0.0077  0.086206  32.274  32.36
0.0078  0.088443  32.272  32.36
0.0079  0.090709  32.269  32.36
0.008  0.093003  32.267  32.36
0.0081  0.095325  32.265  32.36
0.0082  0.097677  32.262  32.36
0.0083  0.10006  32.26  32.36
0.0084  0.10246  32.258  32.36
0.0085  0.1049  32.255  32.36
0.0086  0.10737  32.253  32.36
0.0087  0.10986  32.25  32.36
0.0088  0.11238  32.248  32.36
0.0089  0.11493  32.245  32.36
0.009  0.11751  32.242  32.36
0.0091  0.12012  32.24  32.36
0.0092  0.12275  32.237  32.36
0.0093  0.12542  32.235  32.36
0.0094  0.12811  32.232  32.36
0.0095  0.13083  32.229  32.36
0.0096  0.13358  32.226  32.36
0.0097  0.13636  32.223  32.36
0.0098  0.13917  32.221  32.36
0.0099  0.142  32.218  32.36
0.01  0.14486  32.215  32.36
0.0101  0.14775  32.212  32.36
0.0102  0.15067  32.209  32.36
0.0103  0.15362  32.206  32.36
0.0104  0.1566  32.203  32.36
0.0105  0.1596  32.2  32.36
0.0106  0.16263  32.197  32.36
0.0107  0.16569  32.194  32.36
0.0108  0.16878  32.191  32.36
0.0109  0.1719  32.188  32.36
0.011  0.17505  32.184  32.36
0.0111  0.17822  32.181  32.36
0.0112  0.18142  32.178  32.359
0.0113  0.18465  32.175  32.359
0.0114  0.18791  32.172  32.359
0.0115  0.19119  32.168  32.359
0.0116  0.19451  32.165  32.359
0.0117  0.19785  32.161  32.359
0.0118  0.20122  32.158  32.359
0.0119  0.20461  32.155  32.359
0.012  0.20804  32.151  32.359
0.0121  0.21149  32.148  32.359
0.0122  0.21497  32.144  32.359
0.0123  0.21848  32.141  32.359
0.0124  0.22202  32.137  32.359
0.0125  0.22558  32.134  32.359
0.0126  0.22917  32.13  32.359
0.0127  0.23279  32.126  32.359
0.0128  0.23644  32.123  32.359
0.0129  0.24011  32.119  32.359
0.013  0.24381  32.115  32.359
0.0131  0.24754  32.111  32.359
0.0132  0.2513  32.108  32.359
0.0133  0.25508  32.104  32.359
0.0134  0.25889  32.1  32.359
0.0135  0.26273  32.096  32.359
0.0136  0.26659  32.092  32.359
0.0137  0.27048  32.088  32.359
0.0138  0.2744  32.084  32.359
0.0139  0.27835  32.08  32.358
0.014  0.28232  32.076  32.358
0.0141  0.28632  32.072  32.358
0.0142  0.29034  32.068  32.358
0.0143  0.29439  32.064  32.358
0.0144  0.29847  32.06  32.358
0.0145  0.30257  32.056  32.358
0.0146  0.3067  32.051  32.358
0.0147  0.31086  32.047  32.358
0.0148  0.31504  32.043  32.358
0.0149  0.31925  32.039  32.358
0.015  0.32348  32.034  32.358
0.0151  0.32773  32.03  32.358
0.0152  0.33202  32.026  32.358
0.0153  0.33633  32.021  32.357
0.0154  0.34066  32.017  32.357
0.0155  0.34502  32.012  32.357
0.0156  0.3494  32.008  32.357
0.0157  0.3538  32.003  32.357
0.0158  0.35823  31.999  32.357
0.0159  0.36269  31.994  32.357
0.016  0.36717  31.99  32.357
0.0161  0.37167  31.985  32.357
0.0162  0.37619  31.98  32.357
0.0163  0.38074  31.976  32.356
0.0164  0.38531  31.971  32.356
0.0165  0.38991  31.966  32.356
0.0166  0.39452  31.961  32.356
0.0167  0.39916  31.957  32.356
0.0168  0.40382  31.952  32.356
0.0169  0.40851  31.947  32.356
0.017  0.41321  31.942  32.355
0.0171  0.41793  31.937  32.355
0.0172  0.42268  31.932  32.355
0.0173  0.42745  31.927  32.355
0.0174  0.43223  31.922  32.355
0.0175  0.43704  31.917  32.354
0.0176  0.44187  31.912  32.354
0.0177  0.44672  31.907  32.354
0.0178  0.45158  31.902  32.354
0.0179  0.45647  31.897  32.354
0.018  0.46137  31.892  32.353
0.0181  0.46629  31.887  32.353
0.0182  0.47123  31.882  32.353
0.0183  0.47619  31.876  32.353
0.0184  0.48117  31.871  32.352
0.0185  0.48616  31.866  32.352
0.0186  0.49117  31.86  32.352
0.0187  0.4962  31.855  32.351
0.0188  0.50124  31.85  32.351
0.0189  0.5063  31.844  32.351
0.019  0.51138  31.839  32.35
0.0191  0.51647  31.834  32.35
0.0192  0.52158  31.828  32.35
0.0193  0.52671  31.823  32.349
0.0194  0.53185  31.817  32.349
0.0195  0.537  31.812  32.349
0.0196  0.54217  31.806  32.348
0.0197  0.54736  31.8  32.348
0.0198  0.55256  31.795  32.347
0.0199  0.55777  31.789  32.347
0.02  0.563  31.783  32.346
0.0201  0.56825  31.778  32.346
0.0202  0.57351  31.772  32.345
0.0203  0.57878  31.766  32.345
0.0204  0.58407  31.76  32.345
0.0205  0.58938  31.755  32.344
0.0206  0.5947  31.749  32.343
0.0207  0.60004  31.743  32.343
0.0208  0.60539  31.737  32.342
0.0209  0.61076  31.731  32.342
0.021  0.61614  31.725  32.341
0.0211  0.62154  31.719  32.341
0.0212  0.62696  31.713  32.34
0.0213  0.6324  31.707  32.34
0.0214  0.63785  31.701  32.339
0.0215  0.64333  31.695  32.339
0.0216  0.64882  31.689  32.338
0.0217  0.65433  31.683  32.337
0.0218  0.65986  31.677  32.337
0.0219  0.66542  31.671  32.336
0.022  0.67099  31.665  32.336
0.0221  0.67659  31.658  32.335
0.0222  0.6822  31.652  32.334
0.0223  0.68785  31.646  32.334
0.0224  0.69351  31.64  32.333
0.0225  0.6992  31.633  32.333
0.0226  0.70492  31.627  32.332
0.0227  0.71066  31.621  32.331
0.0228  0.71643  31.614  32.331
0.0229  0.72223  31.608  32.33
0.023  0.72806  31.602  32.33
0.0231  0.73391  31.595  32.329
0.0232  0.7398  31.589  32.329
0.0233  0.74572  31.582  32.328
0.0234  0.75167  31.576  32.327
0.0235  0.75765  31.569  32.327
0.0236  0.76366  31.563  32.326
0.0237  0.7697  31.556  32.326
0.0238  0.77578  31.55  32.325
0.0239  0.7819  31.543  32.325
0.024  0.78804  31.536  32.324
0.0241  0.79423  31.53  32.324
0.0242  0.80045  31.523  32.324
0.0243  0.8067  31.516  32.323
0.0244  0.81299  31.51  32.323
0.0245  0.81931  31.503  32.322
0.0246  0.82567  31.496  32.322
0.0247  0.83207  31.489  32.321
0.0248  0.8385  31.483  32.321
0.0249  0.84496  31.476  32.321
0.025  0.85146  31.469  32.32
0.0251  0.85799  31.462  32.32
0.0252  0.86456  31.455  32.32
0.0253  0.87116  31.448  32.319
0.0254  0.87779  31.441  32.319
0.0255  0.88445  31.434  32.319
0.0256  0.89114  31.427  32.319
0.0257  0.89786  31.42  32.318
0.0258  0.90461  31.413  32.318
0.0259  0.91139  31.406  32.318
0.026  0.91819  31.399  32.318
0.0261  0.92501  31.392  32.317
0.0262  0.93186  31.385  32.317
0.0263  0.93872  31.378  32.317
0.0264  0.94561  31.371  32.317
0.0265  0.95251  31.364  32.316
0.0266  0.95943  31.357  32.316
0.0267  0.96636  31.349  32.316
0.0268  0.9733  31.342  32.316
0.0269  0.98025  31.335  32.315
0.027  0.98721  31.328  32.315
0.0271  0.99417  31.32  32.315
0.0272  1.0011  31.313  32.314
0.0273  1.0081  31.306  32.314
0.0274  1.0151  31.298  32.313
0.0275  1.022  31.291  32.313
0.0276  1.029  31.284  32.313
0.0277  1.0359  31.276  32.312
0.0278  1.0428  31.269  32.312
0.0279  1.0497  31.261  32.311
0.028  1.0566  31.254  32.311
0.0281  1.0635  31.246  32.31
0.0282  1.0704  31.239  32.309
0.0283  1.0772  31.231  32.309
0.0284  1.084  31.224  32.308
0.0285  1.0908  31.216  32.307
0.0286  1.0976  31.209  32.306
0.0287  1.1043  31.201  32.305
0.0288  1.111  31.193  32.304
0.0289  1.1177  31.186  32.303
0.029  1.1243  31.178  32.302
0.0291  1.131  31.17  32.301
0.0292  1.1375  31.162  32.3
0.0293  1.1441  31.155  32.299
0.0294  1.1506  31.147  32.298
0.0295  1.1571  31.139  32.296
0.0296  1.1636  31.131  32.295
0.0297  1.17  31.123  32.293
0.0298  1.1764  31.116  32.292
0.0299  1.1828  31.108  32.291
0.03  1.1892  31.1  32.289
0.0301  1.1956  31.092  32.287
0.0302  1.202  31.084  32.286
0.0303  1.2084  31.076  32.284
0.0304  1.2148  31.068  32.283
0.0305  1.2211  31.06  32.281
0.0306  1.2276  31.052  32.279
0.0307  1.234  31.044  32.278
0.0308  1.2404  31.036  32.276
0.0309  1.2469  31.028  32.274
0.031  1.2535  31.019  32.273
0.0311  1.2601  31.011  32.271
0.0312  1.2667  31.003  32.27
0.0313  1.2734  30.995  32.268
0.0314  1.2802  30.987  32.267
0.0315  1.2871  30.978  32.265
0.0316  1.294  30.97  32.264
0.0317  1.301  30.962  32.263
0.0318  1.3081  30.954  32.262
0.0319  1.3153  30.945  32.261
0.032  1.3226  30.937  32.26
0.0321  1.3301  30.928  32.259
0.0322  1.3376  30.92  32.258
0.0323  1.3452  30.912  32.257
0.0324  1.3529  30.903  32.256
0.0325  1.3607  30.895  32.256
0.0326  1.3687  30.886  32.255
0.0327  1.3767  30.878  32.255
0.0328  1.3848  30.869  32.254
0.0329  1.3931  30.861  32.254
0.033  1.4014  30.852  32.254
0.0331  1.4098  30.844  32.253
0.0332  1.4182  30.835  32.253
0.0333  1.4268  30.826  32.253
0.0334  1.4354  30.818  32.253
0.0335  1.444  30.809  32.253
0.0336  1.4527  30.8  32.253
0.0337  1.4615  30.792  32.253
0.0338  1.4702  30.783  32.253
0.0339  1.479  30.774  32.253
0.034  1.4878  30.765  32.253
0.0341  1.4966  30.757  32.253
0.0342  1.5054  30.748  32.253
0.0343  1.5142  30.739  32.253
0.0344  1.5229  30.73  32.253
0.0345  1.5316  30.721  32.253
0.0346  1.5403  30.712  32.253
0.0347  1.5489  30.703  32.252
0.0348  1.5575  30.694  32.252
0.0349  1.566  30.686  32.251
0.035  1.5744  30.677  32.251
0.0351  1.5827  30.668  32.25
0.0352  1.5909  30.659  32.249
0.0353  1.599  30.65  32.249
0.0354  1.607  30.64  32.247
0.0355  1.615  30.631  32.246
0.0356  1.6228  30.622  32.245
0.0357  1.6304  30.613  32.244
0.0358  1.638  30.604  32.242
0.0359  1.6454  30.595  32.24
0.036  1.6527  30.586  32.238
0.0361  1.6599  30.577  32.236
0.0362  1.667  30.567  32.234
0.0363  1.6739  30.558  32.232
0.0364  1.6807  30.549  32.23
0.0365  1.6874  30.54  32.227
0.0366  1.6939  30.53  32.224
0.0367  1.7004  30.521  32.221
0.0368  1.7067  30.512  32.218
0.0369  1.713  30.502  32.215
0.037  1.7192  30.493  32.212
0.0371  1.7253  30.484  32.209
0.0372  1.7313  30.474  32.206
0.0373  1.7373  30.465  32.202
0.0374  1.7433  30.455  32.199
0.0375  1.7493  30.446  32.195
0.0376  1.7552  30.437  32.192
0.0377  1.7612  30.427  32.188
0.0378  1.7673  30.418  32.185
0.0379  1.7734  30.408  32.182
0.038  1.7796  30.399  32.178
0.0381  1.7859  30.389  32.175
0.0382  1.7924  30.379  32.172
0.0383  1.799  30.37  32.169
0.0384  1.8057  30.36  32.166
0.0385  1.8127  30.351  32.163
0.0386  1.8198  30.341  32.161
0.0387  1.8272  30.331  32.159
0.0388  1.8347  30.322  32.157
0.0389  1.8425  30.312  32.155
0.039  1.8506  30.302  32.153
0.0391  1.8589  30.293  32.152
0.0392  1.8674  30.283  32.15
0.0393  1.8762  30.273  32.149
0.0394  1.8852  30.264  32.149
0.0395  1.8944  30.254  32.148
0.0396  1.9038  30.244  32.148
0.0397  1.9135  30.234  32.148
0.0398  1.9233  30.224  32.148
0.0399  1.9333  30.214  32.148
0.04  1.9434  30.205  32.148
0.0401  1.9537  30.195  32.148
0.0402  1.9641  30.185  32.149
0.0403  1.9746  30.175  32.15
0.0404  1.9851  30.165  32.15
0.0405  1.9957  30.155  32.151
0.0406  2.0062  30.145  32.151
0.0407  2.0168  30.135  32.152
0.0408  2.0273  30.125  32.153
0.0409  2.0378  30.115  32.153
0.041  2.0482  30.105  32.154
0.0411  2.0585  30.095  32.154
0.0412  2.0687  30.085  32.154
0.0413  2.0787  30.075  32.154
0.0414  2.0886  30.065  32.154
0.0415  2.0983  30.055  32.153
0.0416  2.1079  30.045  32.153
0.0417  2.1172  30.035  32.152
0.0418  2.1263  30.025  32.151
0.0419  2.1352  30.015  32.15
0.042  2.1438  30.004  32.148
0.0421  2.1522  29.994  32.146
0.0422  2.1603  29.984  32.144
0.0423  2.1682  29.974  32.142
0.0424  2.1758  29.964  32.139
0.0425  2.1832  29.953  32.136
0.0426  2.1903  29.943  32.133
0.0427  2.1971  29.933  32.13
0.0428  2.2037  29.922  32.126
0.0429  2.21  29.912  32.122
0.043  2.2161  29.902  32.118
0.0431  2.222  29.891  32.113
0.0432  2.2276  29.881  32.109
0.0433  2.2331  29.871  32.104
0.0434  2.2384  29.86  32.099
0.0435  2.2435  29.85  32.093
0.0436  2.2485  29.84  32.088
0.0437  2.2534  29.829  32.083
0.0438  2.2582  29.819  32.077
0.0439  2.263  29.808  32.071
0.044  2.2678  29.798  32.066
0.0441  2.2727  29.787  32.06
0.0442  2.2776  29.777  32.054
0.0443  2.2826  29.766  32.049
0.0444  2.2878  29.756  32.043
0.0445  2.2932  29.745  32.038
0.0446  2.2988  29.735  32.033
0.0447  2.3047  29.724  32.029
0.0448  2.3108  29.713  32.024
0.0449  2.3173  29.703  32.02
0.045  2.3242  29.692  32.016
0.0451  2.3314  29.681  32.013
0.0452  2.339  29.671  32.01
0.0453  2.347  29.66  32.007
0.0454  2.3555  29.649  32.005
0.0455  2.3643  29.639  32.003
0.0456  2.3736  29.628  32.002
0.0457  2.3832  29.617  32
0.0458  2.3933  29.606  32
0.0459  2.4037  29.596  31.999
0.046  2.4144  29.585  31.999
0.0461  2.4255  29.574  32
0.0462  2.4368  29.563  32
0.0463  2.4484  29.552  32.001
0.0464  2.4601  29.542  32.002
0.0465  2.4721  29.531  32.003
0.0466  2.4841  29.52  32.004
0.0467  2.4962  29.509  32.005
0.0468  2.5084  29.498  32.007
0.0469  2.5205  29.487  32.008
0.047  2.5326  29.476  32.009
0.0471  2.5446  29.465  32.01
0.0472  2.5564  29.454  32.011
0.0473  2.5681  29.443  32.011
0.0474  2.5795  29.432  32.012
0.0475  2.5907  29.421  32.012
0.0476  2.6016  29.41  32.012
0.0477  2.6122  29.399  32.012
0.0478  2.6224  29.388  32.011
0.0479  2.6323  29.377  32.01
0.048  2.6418  29.366  32.008
0.0481  2.6509  29.355  32.006
0.0482  2.6596  29.344  32.004
0.0483  2.6679  29.333  32.001
0.0484  2.6757  29.322  31.998
0.0485  2.6831  29.311  31.994
0.0486  2.6901  29.3  31.99
0.0487  2.6966  29.289  31.985
0.0488  2.7027  29.277  31.98
0.0489  2.7083  29.266  31.975
0.049  2.7136  29.255  31.969
0.0491  2.7184  29.244  31.962
0.0492  2.7229  29.233  31.956
0.0493  2.727  29.221  31.948
0.0494  2.7309  29.21  31.941
0.0495  2.7344  29.199  31.933
0.0496  2.7378  29.188  31.926
0.0497  2.7409  29.176  31.917
0.0498  2.744  29.165  31.909
0.0499  2.7469  29.154  31.901
0.05  2.7499  29.143  31.893
0.0501  2.7529  29.131  31.884
0.0502  2.7561  29.12  31.876
0.0503  2.7594  29.109  31.868
0.0504  2.7629  29.097  31.86
0.0505  2.7668  29.086  31.853
0.0506  2.771  29.075  31.846
0.0507  2.7757  29.063  31.839
0.0508  2.7808  29.052  31.833
0.0509  2.7865  29.041  31.827
0.051  2.7928  29.029  31.822
0.0511  2.7996  29.018  31.817
0.0512  2.8071  29.006  31.813
0.0513  2.8152  28.995  31.81
0.0514  2.8239  28.983  31.807
0.0515  2.8333  28.972  31.805
0.0516  2.8433  28.961  31.804
0.0517  2.8539  28.949  31.803
0.0518  2.8651  28.938  31.803
0.0519  2.8768  28.926  31.803
0.052  2.8889  28.915  31.804
0.0521  2.9015  28.903  31.805
0.0522  2.9144  28.892  31.806
0.0523  2.9277  28.88  31.808
0.0524  2.9411  28.869  31.81
0.0525  2.9547  28.857  31.812
0.0526  2.9683  28.846  31.814
0.0527  2.982  28.834  31.816
0.0528  2.9956  28.822  31.818
0.0529  3.009  28.811  31.82
0.053  3.0222  28.799  31.821
0.0531  3.0352  28.788  31.823
0.0532  3.0478  28.776  31.824
0.0533  3.06  28.764  31.824
0.0534  3.0718  28.753  31.825
0.0535  3.0831  28.741  31.824
0.0536  3.0938  28.729  31.823
0.0537  3.104  28.718  31.822
0.0538  3.1136  28.706  31.82
0.0539  3.1226  28.694  31.817
0.054  3.1309  28.683  31.814
0.0541  3.1386  28.671  31.81
0.0542  3.1456  28.659  31.805
0.0543  3.152  28.648  31.8
0.0544  3.1577  28.636  31.794
0.0545  3.1627  28.624  31.787
0.0546  3.1671  28.612  31.78
0.0547  3.1709  28.601  31.772
0.0548  3.1741  28.589  31.763
0.0549  3.1768  28.577  31.754
0.055  3.1789  28.565  31.744
0.0551  3.1807  28.554  31.734
0.0552  3.182  28.542  31.724
0.0553  3.183  28.53  31.713
0.0554  3.1838  28.518  31.702
0.0555  3.1845  28.506  31.691
0.0556  3.185  28.494  31.679
0.0557  3.1856  28.483  31.668
0.0558  3.1863  28.471  31.657
0.0559  3.1872  28.459  31.646
0.056  3.1884  28.447  31.635
0.0561  3.19  28.435  31.625
0.0562  3.1921  28.423  31.615
0.0563  3.1947  28.411  31.606
0.0564  3.1981  28.399  31.597
0.0565  3.2022  28.387  31.59
0.0566  3.207  28.376  31.583
0.0567  3.2127  28.364  31.576
0.0568  3.2193  28.352  31.571
0.0569  3.2268  28.34  31.567
0.057  3.2352  28.328  31.563
0.0571  3.2446  28.316  31.56
0.0572  3.2548  28.304  31.559
0.0573  3.2658  28.292  31.558
0.0574  3.2776  28.28  31.557
0.0575  3.2902  28.268  31.558
0.0576  3.3034  28.256  31.559
0.0577  3.3171  28.244  31.561
0.0578  3.3313  28.232  31.563
0.0579  3.3459  28.22  31.566
0.058  3.3608  28.208  31.568
0.0581  3.3758  28.196  31.571
0.0582  3.3908  28.184  31.574
0.0583  3.4058  28.172  31.577
0.0584  3.4205  28.159  31.58
0.0585  3.4351  28.147  31.582
0.0586  3.4492  28.135  31.585
0.0587  3.4629  28.123  31.586
0.0588  3.476  28.111  31.587
0.0589  3.4885  28.099  31.588
0.059  3.5003  28.087  31.587
0.0591  3.5113  28.075  31.586
0.0592  3.5216  28.063  31.584
0.0593  3.531  28.051  31.582
0.0594  3.5395  28.038  31.578
0.0595  3.5471  28.026  31.573
0.0596  3.5539  28.014  31.568
0.0597  3.5596  28.002  31.562
0.0598  3.5645  27.99  31.554
0.0599  3.5684  27.978  31.546
0.06  3.5715  27.966  31.537
0.0601  3.5737  27.953  31.527
0.0602  3.5751  27.941  31.516
0.0603  3.5758  27.929  31.505
0.0604  3.5757  27.917  31.493
0.0605  3.5751  27.905  31.48
0.0606  3.5739  27.893  31.466
0.0607  3.5723  27.88  31.453
0.0608  3.5704  27.868  31.439
0.0609  3.5683  27.856  31.424
0.061  3.5661  27.844  31.41
0.0611  3.5639  27.832  31.395
0.0612  3.562  27.819  31.381
0.0613  3.5603  27.807  31.367
0.0614  3.5591  27.795  31.354
0.0615  3.5586  27.783  31.341
0.0616  3.5587  27.77  31.329
0.0617  3.5597  27.758  31.318
0.0618  3.5616  27.746  31.307
0.0619  3.5645  27.734  31.298
0.062  3.5686  27.721  31.29
0.0621  3.5738  27.709  31.283
0.0622  3.5803  27.697  31.277
0.0623  3.588  27.685  31.273
0.0624  3.5969  27.672  31.269
0.0625  3.607  27.66  31.267
0.0626  3.6182  27.648  31.266
0.0627  3.6306  27.636  31.266
0.0628  3.6439  27.623  31.267
0.0629  3.6581  27.611  31.269
0.063  3.673  27.599  31.272
0.0631  3.6886  27.586  31.275
0.0632  3.7047  27.574  31.279
0.0633  3.7211  27.562  31.283
0.0634  3.7377  27.549  31.287
0.0635  3.7544  27.537  31.292
0.0636  3.7709  27.525  31.296
0.0637  3.7871  27.513  31.3
0.0638  3.803  27.5  31.303
0.0639  3.8183  27.488  31.306
0.064  3.833  27.476  31.309
0.0641  3.8469  27.463  31.31
0.0642  3.86  27.451  31.311
0.0643  3.8721  27.438  31.311
0.0644  3.8832  27.426  31.309
0.0645  3.8932  27.414  31.307
0.0646  3.9021  27.401  31.304
0.0647  3.9099  27.389  31.299
0.0648  3.9164  27.377  31.293
0.0649  3.9218  27.364  31.286
0.065  3.9259  27.352  31.278
0.0651  3.9289  27.34  31.268
0.0652  3.9308  27.327  31.258
0.0653  3.9315  27.315  31.246
0.0654  3.9313  27.302  31.234
0.0655  3.9301  27.29  31.22
0.0656  3.9281  27.277  31.206
0.0657  3.9253  27.265  31.19
0.0658  3.9219  27.253  31.175
0.0659  3.918  27.24  31.158
0.066  3.9138  27.228  31.142
0.0661  3.9095  27.215  31.125
0.0662  3.9051  27.203  31.108
0.0663  3.9009  27.19  31.091
0.0664  3.8971  27.178  31.075
0.0665  3.8939  27.166  31.059
0.0666  3.8914  27.153  31.045
0.0667  3.8898  27.141  31.03
0.0668  3.8893  27.128  31.017
0.0669  3.89  27.116  31.006
0.067  3.8921  27.103  30.995
0.0671  3.8956  27.091  30.986
0.0672  3.9006  27.078  30.979
0.0673  3.9072  27.066  30.973
0.0674  3.9155  27.053  30.969
0.0675  3.9254  27.041  30.966
0.0676  3.9368  27.028  30.965
0.0677  3.9497  27.016  30.965
0.0678  3.9641  27.003  30.967
0.0679  3.9797  26.991  30.97
0.068  3.9966  26.978  30.975
0.0681  4.0144  26.966  30.98
0.0682  4.033  26.953  30.986
0.0683  4.0522  26.94  30.993
0.0684  4.0719  26.928  31
0.0685  4.0917  26.915  31.007
0.0686  4.1116  26.903  31.014
0.0687  4.1314  26.89  31.022
0.0688  4.1507  26.878  31.028
0.0689  4.1696  26.865  31.035
0.069  4.1877  26.853  31.04
0.0691  4.2049  26.84  31.045
0.0692  4.2211  26.827  31.048
0.0693  4.2362  26.815  31.051
0.0694  4.2501  26.802  31.052
0.0695  4.2626  26.79  31.052
0.0696  4.2737  26.777  31.051
0.0697  4.2834  26.764  31.048
0.0698  4.2916  26.752  31.043
0.0699  4.2982  26.739  31.037
0.07  4.3034  26.726  31.03
0.0701  4.307  26.714  31.021
0.0702  4.3092  26.701  31.01
0.0703  4.31  26.688  30.998
0.0704  4.3095  26.676  30.985
0.0705  4.3078  26.663  30.971
0.0706  4.3049  26.65  30.955
0.0707  4.3012  26.638  30.939
0.0708  4.2966  26.625  30.922
0.0709  4.2915  26.612  30.904
0.071  4.2859  26.599  30.885
0.0711  4.2802  26.587  30.867
0.0712  4.2745  26.574  30.848
0.0713  4.2691  26.561  30.83
0.0714  4.2641  26.548  30.813
0.0715  4.2599  26.536  30.796
0.0716  4.2567  26.523  30.78
0.0717  4.2546  26.51  30.765
0.0718  4.2539  26.497  30.751
0.0719  4.2547  26.485  30.739
0.072  4.2572  26.472  30.729
0.0721  4.2615  26.459  30.72
0.0722  4.2676  26.446  30.714
0.0723  4.2756  26.433  30.709
0.0724  4.2855  26.42  30.706
0.0725  4.2972  26.407  30.705
0.0726  4.3107  26.395  30.705
0.0727  4.3259  26.382  30.708
0.0728  4.3425  26.369  30.711
0.0729  4.3604  26.356  30.716
0.073  4.3794  26.343  30.722
0.0731  4.3993  26.33  30.729
0.0732  4.4199  26.317  30.737
0.0733  4.4408  26.304  30.745
0.0734  4.4618  26.291  30.753
0.0735  4.4827  26.278  30.761
0.0736  4.5032  26.265  30.768
0.0737  4.5231  26.252  30.775
0.0738  4.541  26.239  30.78
0.0739  4.5588  26.226  30.785
0.074  4.5754  26.213  30.789
0.0741  4.5907  26.2  30.791
0.0742  4.6044  26.187  30.792
0.0743  4.6164  26.174  30.791
0.0744  4.6267  26.161  30.788
0.0745  4.6351  26.148  30.783
0.0746  4.6417  26.135  30.777
0.0747  4.6464  26.122  30.768
0.0748  4.6491  26.109  30.758
0.0749  4.65  26.096  30.746
0.075  4.6491  26.083  30.732
0.0751  4.6464  26.069  30.716
0.0752  4.6421  26.056  30.698
0.0753  4.6362  26.043  30.679
0.0754  4.6291  26.03  30.659
0.0755  4.6207  26.017  30.638
0.0756  4.6115  26.004  30.615
0.0757  4.6015  25.991  30.592
0.0758  4.5907  25.977  30.568
0.0759  4.58  25.964  30.544
0.076  4.5694  25.951  30.52
0.0761  4.5591  25.938  30.497
0.0762  4.5496  25.925  30.474
0.0763  4.5411  25.911  30.452
0.0764  4.5338  25.898  30.432
0.0765  4.528  25.885  30.413
0.0766  4.524  25.872  30.396
0.0767  4.5219  25.858  30.38
0.0768  4.5219  25.845  30.367
0.0769  4.5241  25.832  30.356
0.077  4.5287  25.819  30.347
0.0771  4.5355  25.805  30.341
0.0772  4.5447  25.792  30.337
0.0773  4.5561  25.779  30.335
0.0774  4.5696  25.765  30.335
0.0775  4.5851  25.752  30.337
0.0776  4.6023  25.739  30.341
0.0777  4.621  25.726  30.347
0.0778  4.641  25.712  30.353
0.0779  4.662  25.699  30.361
0.078  4.6836  25.686  30.369
0.0781  4.7056  25.672  30.378
0.0782  4.7277  25.659  30.387
0.0783  4.7496  25.646  30.395
0.0784  4.771  25.632  30.403
0.0785  4.7916  25.619  30.41
0.0786  4.8112  25.606  30.417
0.0787  4.8295  25.592  30.422
0.0788  4.8463  25.579  30.425
0.0789  4.8615  25.565  30.427
0.079  4.8748  25.552  30.427
0.0791  4.8863  25.539  30.425
0.0792  4.8957  25.525  30.421
0.0793  4.903  25.512  30.415
0.0794  4.9081  25.498  30.407
0.0795  4.9111  25.485  30.396
0.0796  4.912  25.472  30.384
0.0797  4.9108  25.458  30.369
0.0798  4.9077  25.445  30.353
0.0799  4.9027  25.431  30.334
0.08  4.8961  25.418  30.314
0.0801  4.888  25.405  30.293
0.0802  4.8787  25.391  30.27
0.0803  4.8684  25.378  30.246
0.0804  4.8574  25.364  30.222
0.0805  4.846  25.351  30.197
0.0806  4.8346  25.337  30.172
0.0807  4.8234  25.324  30.147
0.0808  4.8129  25.31  30.123
0.0809  4.8033  25.297  30.1
0.081  4.7949  25.283  30.078
0.0811  4.7881  25.27  30.058
0.0812  4.7831  25.256  30.04
0.0813  4.7801  25.243  30.023
0.0814  4.7793  25.229  30.009
0.0815  4.7808  25.216  29.997
0.0816  4.7848  25.202  29.987
0.0817  4.7912  25.189  29.98
0.0818  4.8  25.175  29.975
0.0819  4.8111  25.162  29.973
0.082  4.8245  25.148  29.973
0.0821  4.8398  25.135  29.975
0.0822  4.857  25.121  29.978
0.0823  4.8757  25.108  29.983
0.0824  4.8956  25.094  29.99
0.0825  4.9166  25.081  29.997
0.0826  4.9382  25.067  30.005
0.0827  4.9601  25.053  30.014
0.0828  4.9821  25.04  30.022
0.0829  5.0037  25.026  30.03
0.083  5.0249  25.013  30.038
0.0831  5.0451  24.999  30.044
0.0832  5.0639  24.986  30.049
0.0833  5.0816  24.972  30.054
0.0834  5.0979  24.958  30.056
0.0835  5.1124  24.945  30.057
0.0836  5.125  24.931  30.056
0.0837  5.1357  24.917  30.053
0.0838  5.1443  24.904  30.048
0.0839  5.1508  24.89  30.041
0.084  5.1552  24.877  30.032
0.0841  5.1574  24.863  30.02
0.0842  5.1576  24.849  30.007
0.0843  5.1557  24.836  29.991
0.0844  5.1521  24.822  29.974
0.0845  5.1467  24.808  29.955
0.0846  5.1399  24.795  29.934
0.0847  5.1318  24.781  29.913
0.0848  5.1227  24.767  29.89
0.0849  5.1129  24.754  29.866
0.085  5.1026  24.74  29.842
0.0851  5.0923  24.726  29.818
0.0852  5.0822  24.712  29.795
0.0853  5.0728  24.699  29.772
0.0854  5.0643  24.685  29.749
0.0855  5.0571  24.671  29.728
0.0856  5.0513  24.658  29.709
0.0857  5.0474  24.644  29.691
0.0858  5.0454  24.63  29.676
0.0859  5.0456  24.616  29.662
0.086  5.0481  24.603  29.651
0.0861  5.0528  24.589  29.642
0.0862  5.0599  24.575  29.635
0.0863  5.0692  24.561  29.631
0.0864  5.0806  24.548  29.628
0.0865  5.094  24.534  29.628
0.0866  5.1091  24.52  29.629
0.0867  5.1258  24.506  29.632
0.0868  5.1437  24.492  29.636
0.0869  5.1626  24.479  29.641
0.087  5.1821  24.465  29.647
0.0871  5.2019  24.451  29.653
0.0872  5.2218  24.437  29.659
0.0873  5.2413  24.423  29.665
0.0874  5.2603  24.41  29.67
0.0875  5.2785  24.396  29.674
0.0876  5.2956  24.382  29.678
0.0877  5.3113  24.368  29.679
0.0878  5.3256  24.354  29.68
0.0879  5.3382  24.34  29.679
0.088  5.3489  24.327  29.675
0.0881  5.3577  24.313  29.67
0.0882  5.3646  24.299  29.663
0.0883  5.3694  24.285  29.654
0.0884  5.3722  24.271  29.643
0.0885  5.3729  24.257  29.63
0.0886  5.3718  24.243  29.615
0.0887  5.3687  24.229  29.598
0.0888  5.364  24.216  29.58
0.0889  5.3578  24.202  29.559
0.089  5.3503  24.188  29.538
0.0891  5.3416  24.174  29.515
0.0892  5.3322  24.16  29.492
0.0893  5.3223  24.146  29.468
0.0894  5.3121  24.132  29.444
0.0895  5.302  24.118  29.42
0.0896  5.2924  24.104  29.397
0.0897  5.2835  24.09  29.374
0.0898  5.2757  24.076  29.352
0.0899  5.2693  24.062  29.331
0.09  5.2644  24.048  29.313
0.0901  5.2613  24.034  29.296
0.0902  5.2603  24.02  29.281
0.0903  5.2613  24.006  29.268
0.0904  5.2645  23.992  29.257
0.0905  5.2699  23.978  29.248
0.0906  5.2775  23.964  29.242
0.0907  5.2872  23.95  29.238
0.0908  5.2988  23.936  29.235
0.0909  5.3121  23.922  29.234
0.091  5.327  23.908  29.235
0.0911  5.3431  23.894  29.237
0.0912  5.3603  23.88  29.241
0.0913  5.3782  23.866  29.244
0.0914  5.3966  23.852  29.249
0.0915  5.4151  23.838  29.253
0.0916  5.4335  23.824  29.258
0.0917  5.4514  23.81  29.261
0.0918  5.4687  23.796  29.265
0.0919  5.485  23.782  29.267
0.092  5.5003  23.768  29.268
0.0921  5.5142  23.754  29.268
0.0922  5.5266  23.74  29.266
0.0923  5.5374  23.726  29.263
0.0924  5.5464  23.712  29.258
0.0925  5.5536  23.697  29.251
0.0926  5.5589  23.683  29.242
0.0927  5.5623  23.669  29.232
0.0928  5.5638  23.655  29.219
0.0929  5.5635  23.641  29.205
0.093  5.5613  23.627  29.188
0.0931  5.5575  23.613  29.17
0.0932  5.5522  23.599  29.151
0.0933  5.5456  23.585  29.13
0.0934  5.5379  23.571  29.108
0.0935  5.5292  23.556  29.086
0.0936  5.5201  23.542  29.062
0.0937  5.5106  23.528  29.039
0.0938  5.5011  23.514  29.015
0.0939  5.4919  23.5  28.992
0.094  5.4833  23.486  28.969
0.0941  5.4757  23.472  28.947
0.0942  5.4692  23.457  28.927
0.0943  5.4641  23.443  28.907
0.0944  5.4607  23.429  28.89
0.0945  5.459  23.415  28.874
0.0946  5.4593  23.401  28.86
0.0947  5.4614  23.386  28.848
0.0948  5.4656  23.372  28.838
0.0949  5.4716  23.358  28.83
0.095  5.4795  23.344  28.823
0.0951  5.489  23.33  28.819
0.0952  5.4906  23.315  28.806
0.0953  5.5026  23.301  28.804
0.0954  5.5156  23.287  28.803
0.0955  5.5293  23.273  28.802
0.0956  5.5434  23.259  28.802
0.0957  5.5578  23.245  28.803
0.0958  5.572  23.231  28.803
0.0959  5.5858  23.216  28.802
0.096  5.599  23.202  28.801
0.0961  5.6113  23.188  28.799
0.0962  5.6226  23.174  28.796
0.0963  5.6326  23.16  28.792
0.0964  5.6412  23.145  28.787
0.0965  5.6483  23.131  28.78
0.0966  5.6538  23.117  28.771
0.0967  5.6575  23.103  28.76
0.0968  5.6596  23.089  28.748
0.0969  5.6601  23.075  28.735
0.097  5.6588  23.06  28.719
0.0971  5.656  23.046  28.702
0.0972  5.6517  23.032  28.684
0.0973  5.646  23.018  28.664
0.0974  5.6391  23.003  28.643
0.0975  5.6312  22.989  28.62
0.0976  5.6224  22.975  28.597
0.0977  5.6131  22.961  28.574
0.0978  5.6034  22.947  28.55
0.0979  5.5936  22.932  28.526
0.098  5.584  22.918  28.502
0.0981  5.5748  22.904  28.479
0.0982  5.5662  22.89  28.456
0.0983  5.5586  22.875  28.434
0.0984  5.552  22.861  28.413
0.0985  5.5468  22.847  28.394
0.0986  5.5387  22.833  28.371
0.0987  5.5364  22.819  28.355
0.0988  5.5357  22.804  28.34
0.0989  5.5367  22.79  28.327
0.099  5.5394  22.776  28.315
0.0991  5.5437  22.762  28.306
0.0992  5.5495  22.748  28.297
0.0993  5.5521  22.733  28.286
0.0994  5.5594  22.719  28.279
0.0995  5.5678  22.705  28.273
0.0996  5.5769  22.691  28.268
0.0997  5.5866  22.677  28.263
0.0998  5.5967  22.663  28.259
0.0999  5.6068  22.649  28.255
0.1  5.6169  22.634  28.251
0.1001  5.6265  22.62  28.247
0.1002  5.6357  22.606  28.242
0.1003  5.644  22.592  28.236
0.1004  5.6515  22.578  28.229
0.1005  5.6579  22.564  28.222
0.1006  5.6518  22.55  28.201
0.1007  5.6554  22.536  28.191
0.1008  5.6566  22.522  28.178
0.1009  5.6569  22.508  28.165
0.101  5.6559  22.494  28.149
0.1011  5.6536  22.48  28.133
0.1012  5.6499  22.466  28.115
0.1013  5.6451  22.451  28.097
0.1014  5.6391  22.437  28.077
0.1015  5.6319  22.423  28.055
0.1016  5.624  22.409  28.033
0.1017  5.6153  22.395  28.011
0.1018  5.606  22.382  27.987
0.1019  5.5963  22.368  27.964
0.102  5.5865  22.354  27.94
0.1021  5.5767  22.34  27.916
0.1022  5.567  22.326  27.893
0.1023  5.5578  22.312  27.869
0.1024  5.5491  22.298  27.847
0.1025  5.5412  22.284  27.825
0.1026  5.5341  22.27  27.804
0.1027  5.5281  22.256  27.784
0.1028  5.5233  22.242  27.765
0.1029  5.5196  22.228  27.748
0.103  5.5172  22.214  27.731
0.1031  5.5161  22.2  27.716
0.1032  5.5162  22.186  27.702
0.1033  5.5176  22.172  27.69
0.1034  5.5201  22.158  27.679
0.1035  5.5237  22.145  27.668
0.1036  5.5283  22.131  27.659
0.1037  5.5336  22.117  27.65
0.1038  5.5395  22.103  27.642
0.1039  5.5459  22.089  27.635
0.104  5.5525  22.075  27.628
0.1041  5.5592  22.061  27.62
0.1042  5.5659  22.047  27.613
0.1043  5.5722  22.033  27.606
0.1044  5.578  22.02  27.598
0.1045  5.5814  22.006  27.587
0.1046  5.5856  21.992  27.578
0.1047  5.589  21.978  27.567
0.1048  5.5913  21.964  27.556
0.1049  5.5926  21.951  27.543
0.105  5.5927  21.937  27.529
0.1051  5.5918  21.923  27.515
0.1052  5.5896  21.909  27.499
0.1053  5.5864  21.895  27.482
0.1054  5.5796  21.882  27.461
0.1055  5.5743  21.868  27.442
0.1056  5.5681  21.854  27.422
0.1057  5.5612  21.84  27.401
0.1058  5.5536  21.827  27.38
0.1059  5.5455  21.813  27.358
0.106  5.5371  21.799  27.336
0.1061  5.5255  21.785  27.311
0.1062  5.5166  21.772  27.288
0.1063  5.5077  21.758  27.266
0.1064  5.4992  21.744  27.244
0.1065  5.491  21.731  27.222
0.1066  5.4833  21.717  27.2
0.1067  5.4763  21.703  27.18
0.1068  5.47  21.69  27.16
0.1069  5.4645  21.676  27.141
0.107  5.4599  21.662  27.122
0.1071  5.4562  21.649  27.105
0.1072  5.4534  21.635  27.089
0.1073  5.4515  21.622  27.073
0.1074  5.4506  21.608  27.059
0.1075  5.4505  21.594  27.045
0.1076  5.4513  21.581  27.032
0.1077  5.4528  21.567  27.02
0.1078  5.455  21.554  27.009
0.1079  5.4578  21.54  26.998
0.108  5.4611  21.526  26.988
0.1081  5.4648  21.513  26.978
0.1082  5.4687  21.499  26.968
0.1083  5.4726  21.486  26.958
0.1084  5.4763  21.472  26.948
0.1085  5.48  21.459  26.939
0.1086  5.4834  21.445  26.928
0.1087  5.4863  21.432  26.918
0.1088  5.4886  21.418  26.907
0.1089  5.4903  21.405  26.895
0.109  5.4905  21.391  26.882
0.1091  5.4904  21.378  26.868
0.1092  5.4894  21.364  26.853
0.1093  5.4875  21.351  26.838
0.1094  5.4847  21.337  26.822
0.1095  5.4811  21.324  26.805
0.1096  5.4766  21.31  26.787
0.1097  5.4713  21.297  26.768
0.1098  5.4653  21.283  26.749
0.1099  5.4587  21.27  26.729
0.11  5.4361  21.257  26.693
0.1101  5.4277  21.243  26.671
0.1102  5.419  21.23  26.649
0.1103  5.4101  21.217  26.627
0.1104  5.401  21.203  26.604
0.1105  5.3919  21.19  26.582
0.1106  5.3828  21.177  26.56
0.1107  5.3738  21.164  26.537
0.1108  5.365  21.15  26.515
0.1109  5.3564  21.137  26.494
0.111  5.3482  21.124  26.472
0.1111  5.3404  21.111  26.451
0.1112  5.3331  21.097  26.431
0.1113  5.3262  21.084  26.41
0.1114  5.3198  21.071  26.391
0.1115  5.314  21.058  26.372
0.1116  5.3088  21.045  26.354
0.1117  5.3042  21.032  26.336
0.1118  5.3001  21.018  26.319
0.1119  5.2967  21.005  26.302
0.112  5.294  20.992  26.286
0.1121  5.2918  20.979  26.271
0.1122  5.2903  20.966  26.256
0.1123  5.2893  20.953  26.242
0.1124  5.2889  20.94  26.229
0.1125  5.2871  20.927  26.214
0.1126  5.2875  20.914  26.201
0.1127  5.2884  20.901  26.189
0.1128  5.2897  20.888  26.177
0.1129  5.2914  20.875  26.166
0.113  5.2935  20.862  26.155
0.1131  5.2959  20.849  26.145
0.1132  5.2985  20.836  26.134
0.1133  5.3014  20.823  26.124
0.1134  5.3045  20.81  26.114
0.1135  5.3077  20.797  26.105
0.1136  5.311  20.784  26.095
0.1137  5.3144  20.771  26.086
0.1138  5.3178  20.758  26.076
0.1139  5.3211  20.745  26.067
0.114  5.3244  20.733  26.057
0.1141  5.3223  20.72  26.042
0.1142  5.3244  20.707  26.031
0.1143  5.3263  20.694  26.02
0.1144  5.328  20.681  26.009
0.1145  5.3296  20.669  25.998
0.1146  5.3309  20.656  25.987
0.1147  5.3315  20.643  25.975
0.1148  5.3321  20.63  25.963
0.1149  5.3324  20.618  25.95
0.115  5.3325  20.605  25.938
0.1151  5.3322  20.592  25.925
0.1152  5.3317  20.58  25.911
0.1153  5.3308  20.567  25.898
0.1154  5.3296  20.554  25.884
0.1155  5.3281  20.542  25.87
0.1156  5.3263  20.529  25.855
0.1157  5.324  20.517  25.841
0.1158  5.3215  20.504  25.825
0.1159  5.3187  20.491  25.81
0.116  5.3146  20.479  25.793
0.1161  5.3109  20.466  25.777
0.1162  5.307  20.454  25.761
0.1163  5.303  20.441  25.744
0.1164  5.2988  20.429  25.728
0.1165  5.2947  20.416  25.711
0.1166  5.2905  20.404  25.694
0.1167  5.2863  20.391  25.678
0.1168  5.2821  20.379  25.661
0.1169  5.2779  20.366  25.644
0.117  5.2737  20.354  25.628
0.1171  5.2697  20.341  25.611
0.1172  5.2659  20.329  25.595
0.1173  5.2622  20.317  25.579
0.1174  5.2509  20.304  25.555
0.1175  5.2472  20.292  25.539
0.1176  5.2438  20.28  25.523
0.1177  5.2404  20.267  25.508
0.1178  5.2372  20.255  25.492
0.1179  5.234  20.243  25.477
0.118  5.2309  20.231  25.461
0.1181  5.2278  20.218  25.446
0.1182  5.2247  20.206  25.431
0.1183  5.2216  20.194  25.415
0.1184  5.2184  20.182  25.4
0.1185  5.215  20.169  25.385
0.1186  5.2116  20.157  25.369
0.1187  5.2079  20.145  25.353
0.1188  5.2041  20.133  25.337
0.1189  5.2  20.121  25.321
0.119  5.1957  20.109  25.304
0.1191  5.1911  20.097  25.288
0.1192  5.1863  20.084  25.271
0.1193  5.1813  20.072  25.254
0.1194  5.176  20.06  25.236
0.1195  5.1705  20.048  25.219
0.1196  5.1649  20.036  25.201
0.1197  5.1591  20.024  25.183
0.1198  5.1532  20.012  25.165
0.1199  5.1473  20  25.147
0.12  5.1413  19.988  25.129
0.1201  5.1353  19.976  25.111
0.1202  5.1295  19.964  25.094
0.1203  5.1237  19.952  25.076
0.1204  5.118  19.94  25.058
0.1205  5.1125  19.928  25.041
0.1206  5.1072  19.916  25.024
0.1207  5.1021  19.904  25.007
0.1208  5.0973  19.893  24.99
0.1209  5.0927  19.881  24.973
0.121  5.0883  19.869  24.957
0.1211  5.0842  19.857  24.941
0.1212  5.0803  19.845  24.925
0.1213  5.0767  19.833  24.91
0.1214  5.0732  19.822  24.895
0.1215  5.0699  19.81  24.88
0.1216  5.0668  19.798  24.865
0.1217  5.0638  19.786  24.85
0.1218  5.061  19.774  24.835
0.1219  5.0583  19.763  24.821
0.122  5.0556  19.751  24.807
0.1221  5.0496  19.739  24.789
0.1222  5.0465  19.728  24.774
0.1223  5.0435  19.716  24.76
0.1224  5.0404  19.705  24.745
0.1225  5.0373  19.693  24.73
0.1226  5.0342  19.681  24.716
0.1227  5.0311  19.67  24.701
0.1228  5.0279  19.658  24.686
0.1229  5.0247  19.647  24.671
0.123  5.0214  19.635  24.657
0.1231  5.018  19.624  24.642
0.1232  5.0145  19.612  24.627
0.1233  5.0109  19.601  24.612
0.1234  5.0071  19.589  24.596
0.1235  5.0031  19.578  24.581
0.1236  4.9989  19.566  24.565
0.1237  4.9945  19.555  24.55
0.1238  4.9898  19.544  24.533
0.1239  4.9848  19.532  24.517
0.124  4.9795  19.521  24.5
0.1241  4.9739  19.51  24.483
0.1242  4.9679  19.498  24.466
0.1243  4.9608  19.487  24.448
0.1244  4.9539  19.476  24.429
0.1245  4.9466  19.464  24.411
0.1246  4.9389  19.453  24.392
0.1247  4.931  19.442  24.373
0.1248  4.9228  19.431  24.353
0.1249  4.9143  19.419  24.334
0.125  4.9056  19.408  24.314
0.1251  4.8968  19.397  24.294
0.1252  4.8861  19.386  24.272
0.1253  4.8771  19.375  24.252
0.1254  4.868  19.364  24.232
0.1255  4.8591  19.352  24.212
0.1256  4.8504  19.341  24.192
0.1257  4.8419  19.33  24.172
0.1258  4.8338  19.319  24.153
0.1259  4.8212  19.308  24.129
0.126  4.8138  19.297  24.111
0.1261  4.8068  19.286  24.093
0.1262  4.791  19.275  24.066
0.1263  4.7842  19.264  24.049
0.1264  4.7779  19.254  24.031
0.1265  4.772  19.243  24.015
0.1266  4.7666  19.232  23.999
0.1267  4.7616  19.221  23.983
0.1268  4.757  19.21  23.967
0.1269  4.7528  19.2  23.952
0.127  4.7489  19.189  23.938
0.1271  4.7452  19.178  23.923
0.1272  4.7418  19.167  23.909
0.1273  4.7384  19.157  23.895
0.1274  4.7352  19.146  23.881
0.1275  4.7319  19.135  23.867
0.1276  4.7286  19.125  23.853
0.1277  4.7252  19.114  23.839
0.1278  4.7217  19.103  23.825
0.1279  4.718  19.093  23.811
0.128  4.714  19.082  23.796
0.1281  4.7099  19.072  23.782
0.1282  4.7054  19.061  23.767
0.1283  4.7007  19.051  23.751
0.1284  4.6958  19.04  23.736
0.1285  4.6906  19.03  23.72
0.1286  4.6852  19.019  23.704
0.1287  4.676  19.009  23.685
0.1288  4.6689  18.998  23.667
0.1289  4.6615  18.988  23.65
0.129  4.6464  18.978  23.624
0.1291  4.6385  18.967  23.606
0.1292  4.6305  18.957  23.588
0.1293  4.6227  18.947  23.569
0.1294  4.615  18.937  23.552
0.1295  4.6074  18.926  23.534
0.1296  4.5992  18.916  23.515
0.1297  4.5914  18.906  23.497
0.1298  4.5839  18.896  23.48
0.1299  4.5767  18.886  23.462
0.13  4.5697  18.876  23.445
0.1301  4.5629  18.865  23.428
0.1302  4.5565  18.855  23.412
0.1303  4.5502  18.845  23.395
0.1304  4.5443  18.835  23.379
0.1305  4.5385  18.825  23.364
0.1306  4.5329  18.815  23.348
0.1307  4.5275  18.805  23.333
0.1308  4.5222  18.795  23.317
0.1309  4.5169  18.785  23.302
0.131  4.5116  18.775  23.287
0.1311  4.5063  18.765  23.272
0.1312  4.5008  18.756  23.256
0.1313  4.4951  18.746  23.241
0.1314  4.4892  18.736  23.225
0.1315  4.483  18.726  23.209
0.1316  4.4765  18.716  23.193
0.1317  4.4696  18.706  23.176
0.1318  4.4624  18.697  23.159
0.1319  4.4547  18.687  23.142
0.132  4.4467  18.677  23.124
0.1321  4.4383  18.667  23.106
0.1322  4.4295  18.658  23.087
0.1323  4.417  18.648  23.065
0.1324  4.4038  18.639  23.042
0.1325  4.3929  18.629  23.022
0.1326  4.3819  18.619  23.001
0.1327  4.3708  18.61  22.981
0.1328  4.3597  18.6  22.96
0.1329  4.3487  18.591  22.94
0.133  4.3377  18.581  22.919
0.1331  4.327  18.572  22.899
0.1332  4.3164  18.563  22.879
0.1333  4.3062  18.553  22.859
0.1334  4.2963  18.544  22.84
0.1335  4.2861  18.534  22.821
0.1336  4.2766  18.525  22.802
0.1337  4.2675  18.516  22.783
0.1338  4.2588  18.507  22.765
0.1339  4.2507  18.497  22.748
0.134  4.2429  18.488  22.731
0.1341  4.2355  18.479  22.714
0.1342  4.2285  18.47  22.698
0.1343  4.2219  18.461  22.683
0.1344  4.2156  18.451  22.667
0.1345  4.2096  18.442  22.652
0.1346  4.2039  18.433  22.637
0.1347  4.1983  18.424  22.623
0.1348  4.1928  18.415  22.608
0.1349  4.1875  18.406  22.594
0.135  4.1822  18.397  22.579
0.1351  4.1769  18.388  22.565
0.1352  4.1478  18.379  22.527
0.1353  4.1417  18.371  22.512
0.1354  4.131  18.362  22.493
0.1355  4.1233  18.353  22.477
0.1356  4.1159  18.345  22.46
0.1357  4.1082  18.336  22.444
0.1358  4.1004  18.327  22.428
0.1359  4.0923  18.319  22.411
0.136  4.0841  18.31  22.394
0.1361  4.0758  18.302  22.377
0.1362  4.0673  18.293  22.36
0.1363  4.0588  18.285  22.343
0.1364  4.0503  18.276  22.327
0.1365  4.0419  18.268  22.31
0.1366  4.0335  18.259  22.293
0.1367  4.0253  18.251  22.276
0.1368  4.0172  18.243  22.26
0.1369  4.0094  18.235  22.244
0.137  4.0019  18.226  22.228
0.1371  3.9948  18.218  22.213
0.1372  3.988  18.21  22.198
0.1373  3.9817  18.202  22.184
0.1374  3.9746  18.194  22.168
0.1375  3.9686  18.186  22.154
0.1376  3.9631  18.178  22.141
0.1377  3.958  18.17  22.128
0.1378  3.9534  18.162  22.115
0.1379  3.9493  18.154  22.103
0.138  3.9456  18.146  22.092
0.1381  3.9423  18.138  22.08
0.1382  3.9392  18.13  22.069
0.1383  3.9364  18.123  22.059
0.1384  3.934  18.115  22.049
0.1385  3.9319  18.107  22.039
0.1386  3.93  18.099  22.029
0.1387  3.9284  18.092  22.02
0.1388  3.927  18.084  22.011
0.1389  3.9257  18.077  22.002
0.139  3.9247  18.069  21.994
0.1391  3.9238  18.062  21.985
0.1392  3.9141  18.054  21.968
0.1393  3.9123  18.047  21.959
0.1394  3.9108  18.039  21.95
0.1395  3.9095  18.032  21.942
0.1396  3.9085  18.025  21.933
0.1397  3.9078  18.018  21.925
0.1398  3.9073  18.01  21.918
0.1399  3.9071  18.003  21.91
0.14  3.9071  17.996  21.903
0.1401  3.9073  17.989  21.896
0.1402  3.9078  17.982  21.89
0.1403  3.9085  17.975  21.884
0.1404  3.9094  17.968  21.877
0.1405  3.9105  17.961  21.872
0.1406  3.9117  17.954  21.866
0.1407  3.9131  17.947  21.86
0.1408  3.9146  17.94  21.855
0.1409  3.9162  17.933  21.85
0.141  3.9179  17.927  21.845
0.1411  3.9196  17.92  21.84
0.1412  3.9214  17.913  21.835
0.1413  3.9231  17.906  21.83
0.1414  3.9249  17.9  21.825
0.1415  3.9265  17.893  21.82
0.1416  3.9282  17.887  21.815
0.1417  3.9297  17.88  21.81
0.1418  3.9296  17.873  21.803
0.1419  3.9305  17.867  21.797
0.142  3.9312  17.86  21.792
0.1421  3.9318  17.854  21.786
0.1422  3.9321  17.848  21.78
0.1423  3.9321  17.841  21.773
0.1424  3.9319  17.835  21.767
0.1425  3.9315  17.829  21.76
0.1426  3.9307  17.822  21.753
0.1427  3.9297  17.816  21.746
0.1428  3.9284  17.81  21.738
0.1429  3.9268  17.804  21.73
0.143  3.9249  17.797  21.722
0.1431  3.9229  17.791  21.714
0.1432  3.9206  17.785  21.706
0.1433  3.9181  17.779  21.697
0.1434  3.9154  17.773  21.688
0.1435  3.9126  17.767  21.68
0.1436  3.9099  17.761  21.671
0.1437  3.9073  17.755  21.663
0.1438  3.9048  17.749  21.654
0.1439  3.9024  17.743  21.646
0.144  3.9004  17.738  21.638
0.1441  3.8986  17.732  21.63
0.1442  3.8971  17.726  21.623
0.1443  3.8961  17.72  21.616
0.1444  3.8955  17.715  21.61
0.1445  3.8954  17.709  21.604
0.1446  3.8958  17.703  21.599
0.1447  3.8966  17.698  21.594
0.1448  3.898  17.692  21.59
0.1449  3.8998  17.687  21.586
0.145  3.9021  17.681  21.583
0.1451  3.9049  17.676  21.581
0.1452  3.908  17.67  21.578
0.1453  3.9114  17.665  21.576
0.1454  3.9152  17.659  21.575
0.1455  3.9191  17.654  21.573
0.1456  3.9232  17.649  21.572
0.1457  3.9275  17.644  21.571
0.1458  3.9318  17.638  21.57
0.1459  3.936  17.633  21.569
0.146  3.9402  17.628  21.568
0.1461  3.9443  17.623  21.567
0.1462  3.9482  17.618  21.566
0.1463  3.9519  17.613  21.565
0.1464  3.9553  17.608  21.563
0.1465  3.9585  17.603  21.561
0.1466  3.9614  17.598  21.559
0.1467  3.964  17.593  21.557
0.1468  3.9663  17.588  21.554
0.1469  3.9683  17.583  21.551
0.147  3.97  17.578  21.548
0.1471  3.9715  17.573  21.545
0.1472  3.9726  17.569  21.541
0.1473  3.9735  17.564  21.538
0.1474  3.9742  17.559  21.534
0.1475  3.9748  17.555  21.529
0.1476  3.9751  17.55  21.525
0.1477  3.9754  17.546  21.521
0.1478  3.9756  17.541  21.517
0.1479  3.9757  17.536  21.512
0.148  3.9759  17.532  21.508
0.1481  3.9761  17.528  21.504
0.1482  3.9763  17.523  21.499
0.1483  3.9767  17.519  21.495
0.1484  3.9772  17.514  21.492
0.1485  3.978  17.51  21.488
0.1486  3.9789  17.506  21.485
0.1487  3.98  17.502  21.482
0.1488  3.9814  17.497  21.479
0.1489  3.983  17.493  21.476
0.149  3.9849  17.489  21.474
0.1491  3.987  17.485  21.472
0.1492  3.9894  17.481  21.47
0.1493  3.992  17.477  21.469
0.1494  3.9947  17.473  21.467
0.1495  3.9977  17.469  21.466
0.1496  4.0009  17.465  21.466
0.1497  4.0041  17.461  21.465
0.1498  4.0075  17.457  21.464
0.1499  4.011  17.453  21.464
0.15  4.0145  17.449  21.464
0.1501  4.018  17.445  21.463
0.1502  4.0215  17.442  21.463
0.1503  4.0085  17.438  21.446
0.1504  4.0114  17.434  21.446
0.1505  4.0142  17.431  21.445
0.1506  4.017  17.427  21.444
0.1507  4.0196  17.424  21.443
0.1508  4.0221  17.42  21.442
0.1509  4.0245  17.417  21.441
0.151  4.0269  17.413  21.44
0.1511  4.0291  17.41  21.439
0.1512  4.0313  17.406  21.438
0.1513  4.0334  17.403  21.436
0.1514  4.0355  17.4  21.435
0.1515  4.0375  17.396  21.434
0.1516  4.0395  17.393  21.432
0.1517  4.0416  17.39  21.431
0.1518  4.0436  17.386  21.43
0.1519  4.0458  17.383  21.429
0.152  4.048  17.38  21.428
0.1521  4.0502  17.377  21.427
0.1522  4.0526  17.374  21.426
0.1523  4.0551  17.371  21.426
0.1524  4.0578  17.368  21.425
0.1525  4.0605  17.365  21.425
0.1526  4.0635  17.361  21.425
0.1527  4.0666  17.358  21.425
0.1528  4.0699  17.356  21.425
0.1529  4.0734  17.353  21.426
0.153  4.0771  17.35  21.427
0.1531  4.081  17.347  21.428
0.1532  4.085  17.344  21.429
0.1533  4.0893  17.341  21.43
0.1534  4.0937  17.338  21.432
0.1535  4.0983  17.335  21.434
0.1536  4.1031  17.333  21.436
0.1537  4.1081  17.33  21.438
0.1538  4.1132  17.327  21.44
0.1539  4.1185  17.325  21.443
0.154  4.1239  17.322  21.446
0.1541  4.1294  17.319  21.449
0.1542  4.135  17.317  21.452
0.1543  4.1406  17.314  21.455
0.1544  4.1464  17.312  21.458
0.1545  4.1522  17.309  21.461
0.1546  4.158  17.306  21.464
0.1547  4.1638  17.304  21.468
0.1548  4.1696  17.302  21.471
0.1549  4.1753  17.299  21.474
0.155  4.181  17.297  21.478
0.1551  4.1867  17.294  21.481
0.1552  4.1923  17.292  21.484
0.1553  4.1978  17.29  21.487
0.1554  4.2032  17.287  21.491
0.1555  4.2038  17.285  21.489
0.1556  4.2084  17.283  21.491
0.1557  4.2129  17.281  21.494
0.1558  4.2173  17.279  21.496
0.1559  4.2216  17.276  21.498
0.156  4.2258  17.274  21.5
0.1561  4.2299  17.272  21.502
0.1562  4.234  17.27  21.504
0.1563  4.238  17.268  21.506
0.1564  4.242  17.266  21.508
0.1565  4.246  17.264  21.51
0.1566  4.2499  17.262  21.512
0.1567  4.2539  17.26  21.514
0.1568  4.258  17.258  21.516
0.1569  4.2621  17.256  21.519
0.157  4.2663  17.255  21.521
0.1571  4.2705  17.253  21.523
0.1572  4.2749  17.251  21.526
0.1573  4.2795  17.249  21.529
0.1574  4.2841  17.247  21.532
0.1575  4.2889  17.246  21.535
0.1576  4.2939  17.244  21.538
0.1577  4.299  17.242  21.541
0.1578  4.3043  17.241  21.545
0.1579  4.3098  17.239  21.549
0.158  4.3154  17.237  21.553
0.1581  4.3198  17.236  21.556
0.1582  4.3252  17.234  21.56
0.1583  4.3309  17.233  21.564
0.1584  4.3366  17.231  21.568
0.1585  4.3425  17.23  21.572
0.1586  4.3485  17.228  21.577
0.1587  4.3545  17.227  21.582
0.1588  4.3607  17.226  21.586
0.1589  4.367  17.224  21.591
0.159  4.3734  17.223  21.596
0.1591  4.3799  17.222  21.602
0.1592  4.3864  17.22  21.607
0.1593  4.3928  17.219  21.612
0.1594  4.3993  17.218  21.617
0.1595  4.4059  17.217  21.623
0.1596  4.4126  17.215  21.628
0.1597  4.4194  17.214  21.634
0.1598  4.4262  17.213  21.639
0.1599  4.4331  17.212  21.645
0.16  4.44  17.211  21.651
0.1601  4.447  17.21  21.657
0.1602  4.4541  17.209  21.663
0.1603  4.4612  17.208  21.669
0.1604  4.4683  17.207  21.675
0.1605  4.4755  17.206  21.681
0.1606  4.4827  17.205  21.687
0.1607  4.4899  17.204  21.694
0.1608  4.4971  17.203  21.7
0.1609  4.5043  17.202  21.706
0.161  4.5115  17.201  21.712
0.1611  4.5186  17.2  21.719
0.1612  4.5256  17.199  21.725
0.1613  4.5326  17.198  21.731
0.1614  4.5394  17.198  21.737
0.1615  4.5462  17.197  21.743
0.1616  4.5528  17.196  21.749
0.1617  4.5592  17.195  21.755
0.1618  4.5655  17.195  21.76
0.1619  4.5717  17.194  21.766
0.162  4.5776  17.193  21.771
0.1621  4.5834  17.193  21.776
0.1622  4.5889  17.192  21.781
0.1623  4.5943  17.191  21.786
0.1624  4.5994  17.191  21.79
0.1625  4.6044  17.19  21.795
0.1626  4.6092  17.19  21.799
0.1627  4.6138  17.189  21.803
0.1628  4.6183  17.188  21.807
0.1629  4.6226  17.188  21.811
0.163  4.6268  17.187  21.814
0.1631  4.6309  17.187  21.818
0.1632  4.6348  17.186  21.821
0.1633  4.6388  17.186  21.825
0.1634  4.6426  17.186  21.828
0.1635  4.6375  17.185  21.823
0.1636  4.641  17.185  21.826
0.1637  4.6445  17.184  21.829
0.1638  4.6481  17.184  21.832
0.1639  4.6517  17.184  21.836
0.164  4.6553  17.184  21.839
0.1641  4.6591  17.183  21.842
0.1642  4.6629  17.183  21.846
0.1643  4.6668  17.183  21.85
0.1644  4.6709  17.183  21.853
0.1645  4.675  17.182  21.857
0.1646  4.6793  17.182  21.861
0.1647  4.6837  17.182  21.866
0.1648  4.6882  17.182  21.87
0.1649  4.6928  17.182  21.874
0.165  4.6976  17.181  21.879
0.1651  4.6946  17.181  21.876
0.1652  4.6991  17.181  21.88
0.1653  4.7037  17.181  21.885
0.1654  4.7083  17.181  21.89
0.1655  4.713  17.181  21.894
0.1656  4.7177  17.181  21.899
0.1657  4.7225  17.181  21.904
0.1658  4.7272  17.181  21.908
0.1659  4.7319  17.181  21.913
0.166  4.7367  17.181  21.918
0.1661  4.7413  17.181  21.923
0.1662  4.746  17.181  21.927
0.1663  4.7506  17.181  21.932
0.1664  4.7552  17.181  21.937
0.1665  4.7597  17.182  21.941
0.1666  4.7642  17.182  21.946
0.1667  4.7686  17.182  21.95
0.1668  4.773  17.182  21.955
0.1669  4.7773  17.182  21.959
0.167  4.7816  17.182  21.964
0.1671  4.7858  17.182  21.968
0.1672  4.79  17.182  21.972
0.1673  4.7942  17.183  21.977
0.1674  4.7983  17.183  21.981
0.1675  4.8024  17.183  21.985
0.1676  4.8066  17.183  21.99
0.1677  4.8071  17.183  21.99
0.1678  4.8106  17.184  21.994
0.1679  4.8141  17.184  21.998
0.168  4.8176  17.184  22.002
0.1681  4.8212  17.184  22.006
0.1682  4.8249  17.185  22.01
0.1683  4.8286  17.185  22.014
0.1684  4.8324  17.185  22.018
0.1685  4.8362  17.186  22.022
0.1686  4.8401  17.186  22.026
0.1687  4.8441  17.186  22.03
0.1688  4.8482  17.187  22.035
0.1689  4.8522  17.187  22.039
0.169  4.8564  17.187  22.044
0.1691  4.8605  17.188  22.048
0.1692  4.8647  17.188  22.053
0.1693  4.869  17.189  22.058
0.1694  4.8732  17.189  22.062
0.1695  4.8767  17.189  22.066
0.1696  4.8807  17.19  22.07
0.1697  4.8831  17.19  22.073
0.1698  4.8869  17.191  22.077
0.1699  4.8906  17.191  22.082
0.17  4.8944  17.192  22.086
0.1701  4.8982  17.192  22.09
0.1702  4.9021  17.193  22.095
0.1703  4.9059  17.193  22.099
0.1704  4.9096  17.194  22.103
0.1705  4.9134  17.194  22.107
0.1706  4.9172  17.195  22.112
0.1707  4.921  17.195  22.116
0.1708  4.9249  17.196  22.121
0.1709  4.9238  17.196  22.12
0.171  4.9276  17.197  22.124
0.1711  4.9315  17.197  22.129
0.1712  4.9354  17.198  22.133
0.1713  4.9393  17.199  22.138
0.1714  4.9433  17.199  22.142
0.1715  4.9474  17.2  22.147
0.1716  4.9515  17.2  22.152
0.1717  4.9557  17.201  22.157
0.1718  4.9599  17.202  22.162
0.1719  4.9641  17.202  22.166
0.172  4.9684  17.203  22.171
0.1721  4.9728  17.204  22.176
0.1722  4.9771  17.204  22.181
0.1723  4.9815  17.205  22.186
0.1724  4.986  17.206  22.191
0.1725  4.9904  17.206  22.197
0.1726  4.9949  17.207  22.202
0.1727  4.9993  17.208  22.207
0.1728  5.0038  17.208  22.212
0.1729  5.0082  17.209  22.217
0.173  5.0127  17.21  22.222
0.1731  5.0171  17.21  22.227
0.1732  5.0214  17.211  22.232
0.1733  5.0258  17.212  22.237
0.1734  5.0301  17.212  22.242
0.1735  5.0341  17.213  22.247
0.1736  5.0383  17.214  22.252
0.1737  5.0425  17.214  22.257
0.1738  5.0466  17.215  22.262
0.1739  5.0506  17.216  22.266
0.174  5.0546  17.217  22.271
0.1741  5.0585  17.217  22.276
0.1742  5.0624  17.218  22.28
0.1743  5.0663  17.219  22.285
0.1744  5.07  17.219  22.289
0.1745  5.0737  17.22  22.294
0.1746  5.0773  17.221  22.298
0.1747  5.0808  17.222  22.302
0.1748  5.0843  17.222  22.307
0.1749  5.0876  17.223  22.311
0.175  5.0908  17.224  22.315
0.1751  5.0939  17.224  22.318
0.1752  5.0968  17.225  22.322
0.1753  5.0996  17.226  22.326
0.1754  5.1023  17.227  22.329
0.1755  5.1049  17.227  22.332
0.1756  5.1072  17.228  22.335
0.1757  5.1094  17.229  22.338
0.1758  5.1115  17.23  22.341
0.1759  5.1135  17.23  22.344
0.176  5.1153  17.231  22.346
0.1761  5.1171  17.232  22.349
0.1762  5.1187  17.233  22.351
0.1763  5.1202  17.233  22.354
0.1764  5.1217  17.234  22.356
0.1765  5.1231  17.235  22.358
0.1766  5.1246  17.235  22.36
0.1767  5.126  17.236  22.362
0.1768  5.1275  17.237  22.364
0.1769  5.129  17.238  22.367
0.177  5.1306  17.238  22.369
0.1771  5.1323  17.239  22.371
0.1772  5.1341  17.24  22.374
0.1773  5.1361  17.241  22.377
0.1774  5.1382  17.241  22.38
0.1775  5.1405  17.242  22.383
0.1776  5.1421  17.243  22.385
0.1777  5.1447  17.244  22.388
0.1778  5.1475  17.244  22.392
0.1779  5.1504  17.245  22.395
0.178  5.1535  17.246  22.399
0.1781  5.1567  17.246  22.403
0.1782  5.1601  17.247  22.407
0.1783  5.1635  17.248  22.411
0.1784  5.1671  17.249  22.416
0.1785  5.1707  17.249  22.42
0.1786  5.1744  17.25  22.424
0.1787  5.1781  17.251  22.429
0.1788  5.1819  17.252  22.433
0.1789  5.1856  17.252  22.438
0.179  5.1894  17.253  22.442
0.1791  5.1931  17.254  22.447
0.1792  5.1967  17.254  22.451
0.1793  5.2003  17.255  22.455
0.1794  5.2039  17.256  22.46
0.1795  5.2073  17.256  22.464
0.1796  5.2107  17.257  22.468
0.1797  5.214  17.258  22.472
0.1798  5.2172  17.259  22.476
0.1799  5.2204  17.259  22.48
0.18  5.2234  17.26  22.483
0.1801  5.2264  17.261  22.487
0.1802  5.2293  17.261  22.491
0.1803  5.2321  17.262  22.494
0.1804  5.2348  17.263  22.497
0.1805  5.2375  17.263  22.501
0.1806  5.2401  17.264  22.504
0.1807  5.2426  17.265  22.507
0.1808  5.2451  17.265  22.51
0.1809  5.2475  17.266  22.513
0.181  5.2499  17.267  22.516
0.1811  5.2522  17.267  22.519
0.1812  5.2545  17.268  22.522
0.1813  5.2567  17.269  22.525
0.1814  5.259  17.269  22.528
0.1815  5.2611  17.27  22.531
0.1816  5.2633  17.27  22.534
0.1817  5.2654  17.271  22.536
0.1818  5.2675  17.272  22.539
0.1819  5.2696  17.272  22.542
0.182  5.2717  17.273  22.545
0.1821  5.2738  17.273  22.547
0.1822  5.2758  17.274  22.55
0.1823  5.2779  17.275  22.553
0.1824  5.2799  17.275  22.555
0.1825  5.282  17.276  22.558
0.1826  5.284  17.276  22.561
0.1827  5.2861  17.277  22.563
0.1828  5.2881  17.278  22.566
0.1829  5.2902  17.278  22.568
0.183  5.2922  17.279  22.571
0.1831  5.2943  17.279  22.574
0.1832  5.2963  17.28  22.576
0.1833  5.2984  17.28  22.579
0.1834  5.3005  17.281  22.582
0.1835  5.3026  17.282  22.584
0.1836  5.3047  17.282  22.587
0.1837  5.3069  17.283  22.59
0.1838  5.309  17.283  22.592
0.1839  5.3112  17.284  22.595
0.184  5.3134  17.284  22.598
0.1841  5.3156  17.285  22.6
0.1842  5.3176  17.285  22.603
0.1843  5.3198  17.286  22.606
0.1844  5.3219  17.286  22.608
0.1845  5.3241  17.287  22.611
0.1846  5.3263  17.287  22.614
0.1847  5.3284  17.288  22.616
0.1848  5.3305  17.288  22.619
0.1849  5.3326  17.289  22.621
0.185  5.3346  17.289  22.624
0.1851  5.3366  17.29  22.626
0.1852  5.3386  17.29  22.629
0.1853  5.3405  17.291  22.631
0.1854  5.3423  17.291  22.633
0.1855  5.3441  17.292  22.636
0.1856  5.3458  17.292  22.638
0.1857  5.3474  17.292  22.64
0.1858  5.349  17.293  22.642
0.1859  5.3505  17.293  22.644
0.186  5.3519  17.294  22.646
0.1861  5.3532  17.294  22.647
0.1862  5.3545  17.295  22.649
0.1863  5.3557  17.295  22.651
0.1864  5.3568  17.295  22.652
0.